21134,1,36812,489,2,1,1,1,26151,18/02/2016,1,900.00,0.00,0.00,0.00,N,A,0,NULL,S,0.20,0,0.00,0.00,-
21381,1,37228,489,1,1,1,1,26369,18/04/2016,1,1250.00,0.00,0.00,0.00,N,A,0,NULL,S,0.20,0,0.00,0.00,-
10324,1,17388,571,13,1,1,1,15744,21/04/2010,12,5220.00,3.80,0.00,0.00,N,A,0,NULL,S,0.20,0,0.00,0.00,-
15579,1,27431,571,13,1,1,1,21078,25/09/2012,4,800.00,0.00,0.00,0.00,N,A,0,NULL,S,0.20,0,0.00,0.00,-
19274,1,34073,1361,2,1,1,1,24823,24/12/2014,18,1812.00,3.70,0.00,0.00,N,A,0,NULL,S,0.20,0,0.00,0.00,-
538,1,827,679,2,1,1,1,00564,14/03/2006,16,2052.00,4.30,0.00,0.00,N,A,0,NULL,S,0.20,0,0.00,0.00,-
574,1,890,694,2,1,1,1,00601,24/03/2006,12,2300.00,4.10,0.00,0.00,N,A,0,NULL,S,0.20,0,0.00,0.00,-
10629,1,17898,571,13,1,1,1,16051,31/05/2010,12,2640.00,3.90,0.00,0.00,N,A,0,NULL,S,0.20,0,0.00,0.00,-
814,1,1249,951,2,1,1,1,00838,13/06/2006,3,645.00,0.00,0.00,0.00,N,A,0,NULL,S,0.20,0,0.00,0.00,-
855,1,1309,306,2,1,1,1,00892,23/05/2006,1,450.00,0.00,0.00,0.00,N,A,0,NULL,S,0.20,0,0.00,0.00,-
12402,1,21211,571,13,1,1,1,17857,08/04/2011,12,1500.00,4.00,0.00,0.00,N,A,0,NULL,S,0.20,0,0.00,0.00,-
5679,1,9397,1155,2,1,1,1,10971,04/06/2008,6,6410.00,4.33,0.00,0.00,N,A,0,NULL,S,0.20,0,0.00,0.00,-
5800,1,9622,851,2,1,1,1,11095,01/07/2008,1,619.00,0.00,0.00,0.00,N,A,0,NULL,S,0.20,0,0.00,0.00,-
5801,1,9623,851,2,1,1,1,11096,01/07/2008,1,135.00,0.00,0.00,0.00,N,A,0,NULL,S,0.20,0,0.00,0.00,-
11011,1,18560,368,2,1,1,1,16452,02/08/2010,10,1130.00,4.00,0.00,0.00,N,A,0,NULL,S,0.20,0,0.00,0.00,-
6934,1,11630,1361,2,1,1,1,12139,03/11/2008,2,1299.00,0.00,0.00,0.00,S,A,0,NULL,S,0.20,0,0.00,0.00,-
18809,1,33137,1326,2,1,1,1,24351,25/07/2014,2,530.00,0.00,0.00,0.00,S,A,0,NULL,S,0.00,0,0.00,0.00,-
2398,1,3944,489,2,1,1,1,02555,28/02/2007,1,8970.00,0.00,0.00,0.00,S,A,0,NULL,S,0.00,0,0.00,0.00,-
2686,1,4388,851,2,1,1,1,02855,13/02/2007,1,100.00,0.00,0.00,0.00,S,A,0,NULL,S,0.00,0,0.00,0.00,-
2975,1,4858,679,2,1,1,1,03158,20/05/2007,2,460.00,0.00,0.00,0.00,S,A,0,NULL,S,0.00,0,0.00,0.00,-
18370,1,32346,571,13,1,1,1,23911,15/04/2014,2,670.00,0.00,0.00,0.00,S,A,0,NULL,S,0.00,0,0.00,0.00,-
9650,1,16201,571,13,1,1,1,15049,24/12/2009,12,1176.00,3.30,0.00,0.00,S,A,0,NULL,S,0.00,0,0.00,0.00,-
4087,1,6646,571,2,1,1,1,09320,15/11/2007,1,109.00,0.00,0.00,0.00,S,A,0,NULL,S,0.00,0,0.00,0.00,-
4366,1,7138,1361,2,1,1,1,09607,22/12/2007,2,330.00,0.00,0.00,0.00,S,A,0,NULL,S,0.00,0,0.00,0.00,-
13840,1,24057,489,2,1,1,1,19315,13/12/2011,1,2175.00,0.00,0.00,0.00,S,A,0,NULL,S,0.50,0,0.00,0.00,-
19436,1,34396,1326,2,1,1,1,24986,21/01/2015,6,1788.00,3.80,0.00,0.00,S,A,0,NULL,S,0.50,0,0.00,0.00,-
20242,1,35125,258,2,1,1,1,25369,04/06/2015,4,572.00,4.00,0.00,0.00,N,A,0,NULL,S,0.50,0,0.00,0.00,-
5510,1,9097,679,2,1,1,1,10791,16/05/2008,12,3036.00,4.00,0.00,0.00,S,A,0,NULL,S,0.50,0,0.00,0.00,-
12286,1,20994,1361,2,1,1,1,17744,30/03/2011,1,139.00,0.00,0.00,0.00,N,A,0,NULL,S,0.50,0,0.00,0.00,-
18682,1,32909,1361,2,1,1,1,24228,05/07/2014,18,2628.00,3.95,0.00,0.00,N,A,0,NULL,S,0.50,0,0.00,0.00,-
10123,1,17008,53,11,1,1,1,15535,15/03/2010,2,2800.00,0.00,0.00,0.00,N,A,0,NULL,S,0.50,0,0.00,0.00,-
20464,1,35589,1361,1,1,1,1,25580,07/08/2015,25,3280.00,2.30,0.00,0.00,N,A,0,NULL,S,0.50,0,0.00,0.00,-
366,1,570,124,2,1,1,1,00384,10/01/2006,24,1480.00,3.00,0.00,0.00,S,A,0,NULL,S,0.50,0,0.00,0.00,-
20829,1,36296,489,2,1,1,1,25885,01/12/2015,1,1600.00,0.00,0.00,0.00,S,A,0,NULL,S,0.50,0,0.00,0.00,-
20856,1,36337,489,2,1,1,1,25911,09/12/2015,1,900.00,0.00,0.00,0.00,S,A,0,NULL,S,0.50,0,0.00,0.00,-
6816,1,11437,951,2,1,1,1,12137,03/11/2008,6,1040.00,3.89,0.00,0.00,S,A,0,NULL,S,0.30,0,0.00,0.00,-
18683,1,32910,1361,2,1,1,1,24229,25/06/2014,1,1889.00,0.00,0.00,0.00,S,A,0,NULL,S,0.30,0,0.00,0.00,-
8216,1,13834,951,2,1,1,1,13573,06/06/2009,6,1092.00,4.60,0.00,0.00,S,A,0,NULL,S,0.30,0,0.00,0.00,-
8762,1,14755,571,2,1,1,1,14135,19/08/2009,12,1944.00,4.00,0.00,0.00,S,A,0,NULL,S,0.30,0,0.00,0.00,-
10604,1,17860,1361,2,1,1,1,16046,29/05/2010,2,530.00,0.00,0.00,0.00,S,A,0,NULL,S,0.30,0,0.00,0.00,-
11131,1,18815,571,2,1,1,1,16573,27/08/2010,1,189.00,0.00,0.00,0.00,N,A,0,NULL,S,0.30,0,0.00,0.00,-
4659,1,7596,1320,2,1,1,1,09899,25/01/2008,2,340.00,0.00,0.00,0.00,N,A,0,NULL,S,0.30,0,0.00,0.00,-
4663,1,7615,851,2,1,1,1,09916,04/02/2008,1,135.00,0.00,0.00,0.00,N,A,0,NULL,S,0.30,0,0.00,0.00,-
11155,1,18865,1155,2,1,1,1,16599,31/08/2010,2,1698.00,0.00,0.00,0.00,N,A,0,NULL,S,0.30,0,0.00,0.00,-
10259,1,17266,571,13,1,1,1,15678,09/04/2010,18,14310.00,3.00,0.00,0.00,N,A,0,NULL,S,0.30,0,0.00,0.00,-
5114,1,8358,258,2,1,1,1,10389,02/04/2008,12,3344.00,3.95,0.00,0.00,N,A,0,NULL,S,0.30,0,0.00,0.00,-
19723,1,34952,1326,2,1,1,1,25280,09/05/2015,2,684.00,0.00,0.00,0.00,N,A,0,NULL,S,0.30,0,0.00,0.00,-
11627,2,19759,571,13,1,1,1,17075,03/12/2010,12,2640.00,3.95,0.00,0.00,N,A,0,NULL,S,0.30,0,0.00,0.00,-
10480,2,17636,571,13,1,1,1,15912,08/05/2010,12,7140.00,6.00,0.00,0.00,N,A,0,NULL,S,0.30,0,0.00,0.00,-
1134,2,1760,1283,2,1,1,1,01175,23/07/2006,4,596.00,3.90,0.00,0.00,N,A,0,NULL,S,0.30,0,0.00,0.00,-
8879,2,14959,489,2,1,1,1,14251,05/09/2009,3,1405.00,3.90,0.00,0.00,N,A,0,NULL,S,0.30,0,0.00,0.00,-
2570,2,4204,53,2,1,1,1,02734,24/03/2007,2,501.00,0.00,0.00,0.00,N,A,0,NULL,S,0.30,0,0.00,0.00,-
12662,2,21729,951,2,1,1,1,18122,18/05/2011,8,2380.00,3.20,0.00,0.00,N,A,0,NULL,S,0.30,0,0.00,0.00,-
20663,2,36005,1326,2,1,1,1,25741,06/10/2015,3,1094.00,1.70,0.00,0.00,N,A,0,NULL,S,0.30,0,0.00,0.00,-
1208,2,1883,53,2,1,1,1,01248,04/08/2006,2,501.00,0.00,0.00,0.00,N,A,0,NULL,S,0.30,0,0.00,0.00,-
3498,2,5670,571,2,1,1,1,08695,30/12/2007,12,2520.00,4.00,0.00,0.00,N,A,0,NULL,S,0.30,0,0.00,0.00,-
20325,2,35292,489,2,1,1,1,25449,27/06/2015,3,1850.00,1.50,0.00,0.00,N,A,0,NULL,S,0.30,0,0.00,0.00,-
3256,2,5290,679,2,1,1,1,08443,03/07/2007,18,2422.00,3.50,0.00,0.00,N,A,0,NULL,S,0.30,0,0.00,0.00,-
3328,2,5399,951,2,1,1,1,08515,17/07/2007,2,400.00,0.00,0.00,0.00,N,A,0,NULL,S,0.30,0,0.00,0.00,-
208,2,308,258,2,1,1,1,00207,29/12/2005,6,436.00,4.60,0.00,0.00,N,A,0,NULL,S,0.30,0,0.00,0.00,-
5770,2,9579,1361,2,1,1,1,11061,25/06/2008,2,1230.00,0.00,0.00,0.00,N,A,0,NULL,S,0.30,0,0.00,0.00,-
1162,2,1817,1320,2,1,1,1,01210,31/07/2006,5,1755.90,4.00,0.00,0.00,N,A,0,NULL,S,0.30,0,0.00,0.00,-
2032,2,3305,694,2,1,1,1,02151,29/12/2006,12,1592.00,3.00,0.00,0.00,N,A,0,NULL,S,0.30,0,0.00,0.00,-
18651,2,32854,489,2,1,1,1,24197,17/06/2014,2,800.00,0.00,0.00,0.00,N,A,0,NULL,S,0.30,0,0.00,0.00,-
13289,2,23043,571,2,1,1,1,18761,05/09/2011,1,900.00,0.00,0.00,0.00,N,A,0,NULL,S,0.30,0,0.00,0.00,-
14043,2,24406,306,2,1,1,1,19525,02/01/2012,2,739.00,0.00,0.00,0.00,N,A,0,NULL,S,0.30,0,0.00,0.00,-
15408,2,27124,258,2,1,1,1,20904,29/08/2012,12,5496.00,4.00,0.00,0.00,N,A,0,NULL,S,0.30,0,0.00,0.00,-
2977,2,4860,851,2,1,1,1,03174,21/05/2007,8,1440.00,3.80,0.00,0.00,N,A,0,NULL,N,0.30,0,0.00,0.00,-
19025,2,33589,489,2,1,1,1,24574,29/09/2014,1,1098.00,0.00,0.00,0.00,N,A,0,NULL,N,0.30,0,0.00,0.00,-
9370,2,15747,1361,2,1,1,1,14712,14/11/2009,3,2178.00,4.00,0.00,0.00,N,A,0,NULL,N,0.30,0,0.00,0.00,-
12018,2,20476,1361,2,1,1,1,17468,14/01/2011,2,210.00,0.00,0.00,0.00,N,A,0,NULL,N,0.30,0,0.00,0.00,-
12784,2,21990,1326,2,1,1,1,18249,12/06/2011,2,600.00,0.00,0.00,0.00,N,A,0,NULL,N,0.30,0,0.00,0.00,-
12929,2,22311,1326,2,1,1,1,18393,07/07/2011,2,700.00,0.00,0.00,0.00,N,A,0,NULL,N,0.30,0,0.00,0.00,-
2663,2,4355,679,2,1,1,1,02819,07/04/2007,2,280.00,0.00,0.00,0.00,N,A,0,NULL,N,0.30,0,0.00,0.00,-
14474,2,25265,571,2,1,1,1,19962,25/03/2012,2,1200.00,0.00,0.00,0.00,N,A,0,NULL,N,0.30,0,0.00,0.00,-
14743,2,25888,1320,2,1,1,1,20235,12/05/2012,2,339.00,0.00,0.00,0.00,N,A,0,NULL,N,0.30,0,0.00,0.00,-
14959,2,26314,571,2,1,1,1,20448,20/06/2012,1,179.00,0.00,0.00,0.00,N,A,0,NULL,N,0.30,0,0.00,0.00,-
15278,2,26886,851,2,1,1,1,20775,25/08/2012,1,780.00,0.00,0.00,0.00,N,A,0,NULL,N,0.30,0,0.00,0.00,-
18204,2,31967,368,2,1,1,1,23743,12/02/2014,12,4956.00,4.00,0.00,0.00,N,A,0,NULL,N,0.30,0,0.00,0.00,-
18798,2,33116,1361,2,1,1,1,24345,24/07/2014,1,269.00,0.00,0.00,0.00,N,A,0,NULL,N,0.30,0,0.00,0.00,-
549,2,847,694,2,1,1,1,00575,15/03/2006,12,1068.00,4.30,0.00,0.00,N,A,0,NULL,N,0.30,0,0.00,0.00,-
5173,2,8454,489,2,1,1,1,10447,11/04/2008,1,2078.00,0.00,0.00,0.00,N,A,0,NULL,N,0.30,0,0.00,0.00,-
9479,2,15929,164,2,1,1,1,14878,10/12/2009,3,280.00,4.00,0.00,0.00,N,A,0,NULL,N,0.30,0,0.00,0.00,-
13392,2,23252,489,2,1,1,1,18861,27/09/2011,2,1020.00,0.00,0.00,0.00,N,A,0,NULL,N,0.30,0,0.00,0.00,-
13539,2,23521,258,2,1,1,1,19013,22/10/2011,7,1079.00,4.00,0.00,0.00,N,A,0,NULL,N,0.30,0,0.00,0.00,-
16950,2,29686,1326,2,1,1,1,22473,25/05/2013,2,1579.00,0.00,0.00,0.00,N,A,0,NULL,N,0.30,0,0.00,0.00,-
17624,2,30879,1361,2,1,1,1,23153,30/11/2013,9,6356.00,4.00,0.00,0.00,N,A,0,NULL,N,0.30,0,0.00,0.00,-
17646,2,30920,258,2,1,1,1,23175,15/10/2013,15,3160.00,4.00,0.00,0.00,N,A,0,NULL,N,0.30,0,0.00,0.00,-
18069,2,31721,1320,2,1,1,1,23606,05/01/2014,2,3300.00,0.00,0.00,0.00,N,A,0,NULL,N,0.30,0,0.00,0.00,-
257,2,377,331,2,1,1,1,00269,07/01/2006,3,1039.00,1.70,0.00,0.00,N,A,0,NULL,N,0.30,0,0.00,0.00,-
5288,1,8697,1320,2,1,1,1,10565,05/05/2008,2,615.00,0.00,0.00,0.00,N,A,0,NULL,N,0.30,0,0.00,0.00,-
990,1,1536,679,2,1,1,1,01032,22/06/2006,6,784.00,4.00,0.00,0.00,N,A,0,NULL,N,0.30,0,0.00,0.00,-
1999,1,3251,489,2,1,1,1,02099,06/10/2006,1,3675.50,0.00,0.00,0.00,N,A,0,NULL,N,0.30,0,0.00,0.00,-
1921,1,3140,1283,2,1,1,1,02048,22/12/2006,6,1715.00,4.30,0.00,0.00,N,A,0,NULL,N,0.30,0,0.00,0.00,-
2787,1,4583,1361,2,1,1,1,02961,30/04/2007,2,360.00,0.00,0.00,0.00,N,A,0,NULL,N,0.30,0,0.00,0.00,-
3771,1,6142,368,2,1,1,1,08979,22/09/2007,12,3812.00,4.20,0.00,0.00,N,A,0,NULL,N,0.30,0,0.00,0.00,-
3929,1,6393,164,2,1,1,1,09151,18/10/2007,5,1590.00,3.35,0.00,0.00,N,A,0,NULL,N,0.30,0,0.00,0.00,-
5799,1,9621,851,2,1,1,1,11094,01/07/2008,1,215.00,0.00,0.00,0.00,N,A,0,NULL,N,0.30,0,0.00,0.00,-
4070,1,6621,124,2,1,1,1,09294,13/11/2007,1,17.00,0.00,0.00,0.00,N,A,0,NULL,N,0.30,0,0.00,0.00,-
4658,1,7595,851,2,1,1,1,09887,31/01/2008,1,328.00,0.00,0.00,0.00,N,A,0,NULL,N,0.30,0,0.00,0.00,-
4736,1,7714,571,2,1,1,1,09990,11/02/2008,1,200.00,0.00,0.00,0.00,N,A,0,NULL,N,0.30,0,0.00,0.00,-
4873,1,7945,368,2,1,1,1,10114,27/02/2008,6,2434.00,4.10,0.00,0.00,N,A,0,NULL,N,0.30,0,0.00,0.00,-
5005,1,8145,679,2,1,1,1,10246,15/03/2008,2,500.00,0.00,0.00,0.00,N,A,0,NULL,N,0.00,0,0.00,0.00,-
5257,1,8616,951,2,1,1,1,10518,30/04/2008,12,3884.00,3.95,0.00,0.00,N,A,0,NULL,N,0.00,0,0.00,0.00,-
6123,1,10179,679,2,1,1,1,11433,03/08/2008,6,992.00,4.25,0.00,0.00,N,A,0,NULL,N,0.00,0,0.00,0.00,-
6388,1,10683,1326,2,1,1,1,11690,06/09/2008,1,500.00,0.00,0.00,0.00,N,A,0,NULL,N,0.00,0,0.00,0.00,-
9130,1,15350,679,2,1,1,1,14517,17/10/2009,3,454.00,4.00,0.00,0.00,N,A,0,NULL,N,0.00,0,0.00,0.00,-
11719,1,19927,951,2,1,1,1,17173,17/12/2010,18,4800.00,3.85,0.00,0.00,N,A,0,NULL,N,0.00,0,0.00,0.00,-
6787,1,11388,951,2,1,1,1,12100,29/10/2008,6,410.00,4.00,0.00,0.00,N,A,0,NULL,N,0.00,0,0.00,0.00,-
13621,1,23666,1320,2,1,1,1,19100,05/11/2011,2,1250.00,0.00,0.00,0.00,N,A,0,NULL,N,0.00,0,0.00,0.00,-
14044,1,24408,489,2,1,1,1,19528,03/01/2012,1,1440.00,0.00,0.00,0.00,N,A,0,NULL,N,0.00,0,0.00,0.00,-
14067,1,24459,1326,2,1,1,1,19553,09/01/2012,2,585.00,0.00,0.00,0.00,N,A,0,NULL,N,0.00,0,0.00,0.00,-
14769,1,25943,258,2,1,1,1,20258,25/05/2012,6,1818.00,3.80,0.00,0.00,N,A,0,NULL,N,0.00,0,0.00,0.00,-
17153,1,30053,258,2,1,1,1,22675,05/07/2013,2,1839.00,4.10,0.00,0.00,N,A,0,NULL,S,0.00,0,0.00,0.00,-
17915,1,31424,124,2,1,1,1,23450,13/12/2013,2,149.00,0.00,0.00,0.00,N,A,0,NULL,S,0.00,0,0.00,0.00,-
17945,1,31483,1326,2,1,1,1,23478,19/12/2013,3,1681.00,0.00,0.00,0.00,N,A,0,NULL,S,0.00,0,0.00,0.00,-
18478,1,32559,1326,2,1,1,1,24014,10/05/2014,4,676.00,4.00,0.00,0.00,N,A,0,NULL,S,0.00,0,0.00,0.00,-
19019,1,33576,694,2,1,1,1,24568,26/09/2014,2,1050.00,0.00,0.00,0.00,N,A,0,NULL,S,0.00,0,0.00,0.00,-
19410,1,34334,368,2,1,1,1,24960,09/01/2015,2,2100.00,0.00,0.00,0.00,N,A,0,NULL,S,0.00,0,0.00,0.00,-
7422,1,12465,258,2,1,1,1,12753,26/01/2009,2,498.00,0.00,0.00,0.00,N,A,0,NULL,N,0.00,0,0.00,0.00,-
312,1,472,416,2,1,1,1,00327,20/01/2006,2,80.00,0.00,0.00,0.00,N,A,0,NULL,N,0.00,0,0.00,0.00,-
400,1,616,489,2,1,1,1,00413,09/02/2006,2,1560.00,0.00,0.00,0.00,N,A,0,NULL,N,0.00,0,0.00,0.00,-
7725,1,12984,1320,2,1,1,1,13062,30/06/2009,1,329.00,0.00,0.00,0.00,N,A,0,NULL,N,0.00,0,0.00,0.00,-
2870,1,4724,53,2,1,1,1,03080,13/05/2007,2,890.00,0.00,0.00,0.00,N,A,0,NULL,N,0.00,0,0.00,0.00,-
3615,1,5884,951,2,1,1,1,08814,29/08/2007,1,135.00,0.00,0.00,0.00,N,A,0,NULL,N,0.00,0,0.00,0.00,-
4183,1,6795,679,2,1,1,1,09411,29/11/2007,3,2855.00,22.75,0.00,0.00,N,A,0,NULL,N,0.00,0,0.00,0.00,-
4607,1,7523,851,2,1,1,1,09857,26/01/2008,1,400.00,0.00,0.00,0.00,N,A,0,NULL,S,0.00,0,0.00,0.00,-
4874,1,7955,851,2,1,1,1,10132,01/03/2008,1,114.00,0.00,0.00,0.00,N,A,0,NULL,N,0.00,0,0.00,0.00,-
5390,1,8874,1361,2,1,1,1,10669,07/05/2008,1,80.00,0.00,0.00,0.00,N,A,0,NULL,S,0.00,0,0.00,0.00,-
6075,1,10088,124,2,1,1,1,11381,30/07/2008,3,738.00,0.00,0.00,0.00,N,A,0,NULL,N,0.00,0,0.00,0.00,-
7297,1,12240,1283,2,1,1,1,12619,31/12/2008,8,1344.00,4.25,0.00,0.00,N,A,0,NULL,S,0.00,0,0.00,0.00,-
8746,1,14712,694,2,1,1,1,14110,15/08/2009,3,487.00,4.00,0.00,0.00,N,A,0,NULL,N,0.00,0,0.00,0.00,-
10038,1,16865,1361,2,1,1,1,15452,01/03/2010,24,5016.00,3.90,0.00,0.00,N,A,0,NULL,S,0.00,0,0.00,0.00,-
13075,1,22595,1361,2,1,1,1,18545,30/08/2011,18,3600.00,4.00,0.00,0.00,N,A,0,NULL,N,0.00,0,0.00,0.00,-
16538,1,28985,331,2,1,1,1,22055,05/03/2013,2,650.00,0.00,0.00,0.00,N,A,0,NULL,S,0.00,0,0.00,0.00,-
18011,1,31595,1320,2,1,1,1,23545,24/12/2013,3,1130.00,0.00,0.00,0.00,N,A,0,NULL,N,0.00,0,0.00,0.00,-
232,1,342,306,2,1,1,1,00248,02/01/2006,1,760.00,0.00,0.00,0.00,N,A,0,NULL,N,0.00,0,0.00,0.00,-
276,1,415,368,2,1,1,1,00293,14/01/2006,3,275.00,0.00,0.00,0.00,N,A,0,NULL,N,0.00,0,0.00,0.00,-
681,1,1036,258,2,1,1,1,00710,21/04/2006,10,1013.00,0.60,0.00,0.00,N,A,0,NULL,N,0.00,0,0.00,0.00,-
752,1,1144,694,2,1,1,1,00785,06/05/2006,6,358.00,4.50,0.00,0.00,N,A,0,NULL,N,0.00,0,0.00,0.00,-
1170,1,1827,1326,2,1,1,1,01220,28/07/2006,2,570.00,0.00,0.00,0.00,N,A,0,NULL,N,0.00,0,0.00,0.00,-
1326,1,2079,489,2,1,1,1,01376,22/08/2006,1,1633.95,0.00,0.00,0.00,N,A,0,NULL,N,0.00,0,0.00,0.00,-
1531,1,2454,571,2,1,1,1,01581,29/09/2006,12,1728.00,2.10,0.00,0.00,N,A,0,NULL,N,0.00,0,0.00,0.00,-
4684,1,7642,1361,2,1,1,1,09938,29/02/2008,2,300.00,0.00,0.00,0.00,N,A,0,NULL,N,0.00,0,0.00,0.00,-
5186,1,8487,851,2,1,1,1,10410,09/04/2008,1,210.00,0.00,0.00,0.00,N,A,0,NULL,N,0.00,0,0.00,0.00,-
5201,1,8510,1283,2,1,1,1,10491,16/04/2008,6,1470.00,4.05,0.00,0.00,N,A,0,NULL,N,0.00,0,0.00,0.00,-
6049,1,10042,124,2,1,1,1,11076,30/06/2008,1,40.00,0.00,0.00,0.00,N,A,0,NULL,N,0.00,0,0.00,0.00,-
6240,1,10416,1361,2,1,1,1,11545,19/08/2008,2,460.00,0.00,0.00,0.00,N,A,0,NULL,N,0.00,0,0.00,0.00,-
6406,1,10711,368,2,1,1,1,11710,09/09/2008,2,494.00,4.50,0.00,0.00,N,A,0,NULL,N,0.00,0,0.00,0.00,-
7142,1,11980,1326,2,1,1,1,12469,17/12/2008,1,539.00,0.00,0.00,0.00,N,A,0,NULL,N,0.00,0,0.00,0.00,-
7311,1,12268,851,2,1,1,1,12644,03/01/2009,12,1170.00,2.28,0.00,0.00,N,A,0,NULL,N,0.00,0,0.00,0.00,-
7895,1,13269,571,2,1,1,1,13232,20/04/2009,1,90.00,0.00,0.00,0.00,N,A,0,NULL,N,0.00,0,0.00,0.00,-
11006,1,18550,679,2,1,1,1,16448,01/08/2010,1,170.00,0.00,0.00,0.00,N,A,0,NULL,N,0.00,0,0.00,0.00,-
11174,1,18899,694,2,1,1,1,16618,04/09/2010,12,816.00,4.00,0.00,0.00,N,A,0,NULL,N,0.00,0,0.00,0.00,-
11706,1,19898,1361,2,1,1,1,17151,14/12/2010,5,1205.00,4.00,0.00,0.00,N,A,0,NULL,N,0.00,0,0.00,0.00,-
12079,1,20575,1326,2,1,1,1,17530,11/02/2011,1,300.00,0.00,0.00,0.00,N,A,0,NULL,N,0.00,0,0.00,0.00,-
14074,1,24472,1283,2,1,1,1,19559,11/01/2012,2,400.00,0.00,0.00,0.00,N,A,0,NULL,N,0.00,0,0.00,0.00,-
16844,1,29510,489,2,1,1,1,22366,20/05/2013,2,2100.00,0.00,0.00,0.00,N,A,0,NULL,N,0.00,0,0.00,0.00,-
114,1,190,164,2,1,1,1,00124,24/12/2005,12,1232.00,2.90,0.00,0.00,N,A,0,NULL,N,0.00,0,0.00,0.00,-
401,1,618,331,2,1,1,1,00423,04/02/2006,3,791.00,0.00,0.00,0.00,N,A,0,NULL,N,0.00,0,0.00,0.00,-
783,1,1210,53,2,1,1,1,00817,13/05/2006,6,3172.00,3.90,0.00,0.00,N,A,0,NULL,N,0.00,0,0.00,0.00,-
1325,1,2078,489,2,1,1,1,01375,22/08/2006,1,3285.20,0.00,0.00,0.00,N,A,0,NULL,N,0.00,0,0.00,0.00,-
1389,1,2202,951,2,1,1,1,01449,04/09/2006,6,1176.00,3.90,0.00,0.00,N,A,0,NULL,N,0.00,0,0.00,0.00,-
2113,1,3460,1320,2,1,1,1,02249,10/01/2007,12,3000.00,3.00,0.00,0.00,N,A,0,NULL,N,0.00,0,0.00,0.00,-
2216,1,3630,951,2,1,1,1,02336,26/01/2007,5,995.00,1.40,0.00,0.00,N,A,0,NULL,N,0.00,0,0.00,0.00,-
2685,1,4387,851,2,1,1,1,02854,25/03/2007,1,25.00,0.00,0.00,0.00,N,A,0,NULL,N,0.00,0,0.00,0.00,-
3266,1,5301,164,2,1,1,1,08450,06/07/2007,6,604.00,4.20,0.00,0.00,N,A,0,NULL,N,0.00,0,0.00,0.00,-
3496,1,5668,679,2,1,1,2,08685,05/08/2007,3,694.00,4.80,0.00,0.00,N,A,0,NULL,N,0.00,0,0.00,0.00,-
4116,1,6692,851,2,1,1,2,09353,10/11/2007,1,176.00,0.00,0.00,0.00,N,A,0,NULL,N,0.00,0,0.00,0.00,-
6019,1,9997,1361,2,1,1,2,11322,31/07/2008,2,1350.00,0.00,0.00,0.00,N,A,0,NULL,N,0.00,0,0.00,0.00,-
6154,1,10242,1283,2,1,1,2,11464,06/08/2008,3,156.00,5.00,0.00,0.00,N,A,0,NULL,N,0.00,0,0.00,0.00,-
6665,1,11175,12,2,1,1,2,11980,13/10/2008,6,698.00,3.00,0.00,0.00,N,A,0,NULL,N,0.00,0,0.00,0.00,-
7075,1,11871,368,2,1,1,2,12407,10/12/2008,6,1794.00,4.10,0.00,0.00,N,A,0,NULL,N,0.00,0,0.00,0.00,-
7724,1,12982,1320,2,1,1,2,13060,23/03/2009,3,4600.00,2.50,0.00,0.00,N,A,0,NULL,N,0.00,0,0.00,0.00,-
7741,1,13017,571,2,1,1,2,13077,26/03/2009,1,500.00,0.00,0.00,0.00,N,A,0,NULL,N,0.00,0,0.00,0.00,-
7774,1,13075,1361,2,1,1,1,13111,31/03/2009,1,170.00,0.00,0.00,0.00,N,A,0,NULL,N,0.00,0,0.00,0.00,-
8962,1,15099,1320,2,1,1,1,14345,21/09/2009,3,378.00,0.00,0.00,0.00,N,A,0,NULL,N,0.00,0,0.00,0.00,-
9898,1,16621,1320,2,1,1,1,15296,01/02/2010,12,3720.00,3.80,0.00,0.00,N,A,0,NULL,N,0.00,0,0.00,0.00,-
10340,1,17414,571,2,1,1,1,15756,23/04/2010,1,265.00,0.00,0.00,0.00,N,A,0,NULL,N,0.00,0,0.00,0.00,-
11070,1,18677,1283,2,1,1,1,16516,14/08/2010,3,795.00,4.00,0.00,0.00,N,A,0,NULL,N,0.00,0,0.00,0.00,-
11425,1,19393,951,2,1,1,1,16870,21/10/2010,8,1834.00,4.00,0.00,0.00,N,A,0,NULL,N,0.00,0,0.00,0.00,-
12355,1,21127,53,2,1,1,1,17815,02/04/2011,18,2900.00,3.80,0.00,0.00,N,A,0,NULL,N,0.00,0,0.00,0.00,-
13038,1,22529,1326,2,1,1,1,18512,25/07/2011,1,300.00,0.00,0.00,0.00,N,A,0,NULL,N,0.00,0,0.00,0.00,-
13665,1,23760,951,2,1,1,1,19142,15/11/2011,5,580.00,4.00,0.00,0.00,N,A,0,NULL,N,0.00,0,0.00,0.00,-
14146,1,24609,1326,2,1,1,2,19629,25/01/2012,2,345.00,0.00,0.00,0.00,N,A,0,NULL,N,0.00,0,0.00,0.00,-
14293,1,24891,124,2,1,1,2,19774,23/02/2012,1,390.00,0.00,0.00,0.00,N,A,0,NULL,N,0.00,0,0.00,0.00,-
14759,1,25921,1283,2,1,1,2,20250,25/05/2012,2,330.00,0.00,0.00,0.00,N,A,0,NULL,N,0.00,0,0.00,0.00,-
15914,1,27994,368,2,1,1,2,21426,05/12/2012,12,7664.00,3.95,0.00,0.00,N,A,0,NULL,N,0.00,0,0.00,0.00,-
17703,1,31034,489,2,1,1,2,23229,30/10/2013,3,1086.00,4.00,0.00,0.00,N,A,0,NULL,N,0.00,0,0.00,0.00,-
18546,1,32678,368,2,1,1,2,24090,26/05/2014,12,3980.00,4.00,0.00,0.00,N,A,0,NULL,N,0.00,0,0.00,0.00,-
18721,1,32989,489,2,1,1,2,24271,08/07/2014,1,1098.00,0.00,0.00,0.00,N,A,0,NULL,N,0.00,0,0.00,0.00,-
1400,1,2216,368,2,1,1,2,01460,10/09/2006,3,1116.00,3.90,0.00,0.00,N,A,0,NULL,N,0.00,0,0.00,0.00,-
1456,1,2314,258,2,1,1,2,01522,22/09/2006,1,125.00,0.00,0.00,0.00,N,A,0,NULL,N,0.00,0,0.00,0.00,-
2279,1,3738,258,2,1,1,2,02418,05/02/2007,12,1374.00,4.20,0.00,0.00,N,A,0,NULL,N,0.00,0,0.00,0.00,-
2354,1,3857,489,2,1,1,2,02508,09/02/2007,1,2619.00,0.00,0.00,0.00,N,A,0,NULL,N,0.00,0,0.00,0.00,-
2683,1,4385,1320,2,1,1,1,02845,11/04/2007,1,109.00,0.00,0.00,0.00,N,A,0,NULL,N,0.00,0,0.00,0.00,-
3102,1,5054,851,2,1,1,1,03291,04/06/2007,1,108.00,0.00,0.00,0.00,N,A,0,NULL,N,0.00,0,0.00,0.00,-
4930,1,8040,571,2,1,1,1,10165,02/03/2008,12,3420.00,3.25,0.00,0.00,N,A,0,NULL,N,0.00,0,0.00,0.00,-
7814,1,13133,571,2,1,1,1,13155,04/04/2009,18,990.00,1.50,0.00,0.00,S,A,0,NULL,N,0.00,0,0.00,0.00,-
9467,1,15912,1320,2,1,1,1,14867,09/12/2009,2,1150.00,0.00,0.00,0.00,S,A,0,NULL,N,0.00,0,0.00,0.00,-
9918,1,16657,571,2,1,1,1,15322,05/02/2010,6,660.00,4.00,0.00,0.00,N,A,0,NULL,N,0.00,0,0.00,0.00,-
10417,1,17538,1361,2,1,1,1,15842,03/05/2010,1,120.00,0.00,0.00,0.00,N,A,0,NULL,N,0.00,0,0.00,0.00,-
10753,1,18104,951,2,1,1,1,16191,22/06/2010,5,635.00,4.00,0.00,0.00,N,A,0,NULL,N,0.00,0,0.00,0.00,-
10777,1,18152,1361,2,1,1,1,16223,30/07/2010,4,1072.00,6.00,0.00,0.00,S,A,0,NULL,N,0.00,0,0.00,0.00,-
12425,1,21270,571,2,1,1,1,17885,14/04/2011,1,250.00,0.00,0.00,0.00,S,A,0,NULL,S,0.00,0,0.00,0.00,-
13570,1,23578,306,2,1,1,1,19057,29/10/2011,2,1500.00,0.00,0.00,0.00,S,A,0,NULL,S,0.00,0,0.00,0.00,-
13948,1,24231,951,2,1,1,1,19428,23/12/2011,4,1128.00,4.00,0.00,0.00,S,A,0,NULL,S,0.00,0,0.00,0.00,-
15568,1,27410,1320,2,1,1,1,21059,22/09/2012,2,1050.00,0.00,0.00,0.00,S,A,0,NULL,S,0.00,0,0.00,0.00,-
17051,1,29867,1361,2,1,1,1,22580,20/06/2013,8,2220.00,4.00,0.00,0.00,S,A,0,NULL,S,0.00,0,0.00,0.00,-
17178,1,30100,368,2,1,1,2,22702,25/07/2013,12,3304.00,3.60,0.00,0.00,S,A,0,NULL,S,0.00,0,0.00,0.00,-
12108,1,20639,416,2,1,1,2,17569,25/02/2011,2,2850.00,0.00,0.00,0.00,S,A,0,NULL,N,0.00,0,0.00,0.00,-
8275,1,13938,1361,2,1,1,2,13635,15/06/2009,2,760.00,0.00,0.00,0.00,S,A,0,NULL,S,0.00,0,0.00,0.00,-
9437,1,15864,694,2,1,1,2,14834,05/12/2009,4,3304.00,3.90,0.00,0.00,N,A,0,NULL,N,0.00,0,0.00,0.00,-
15634,1,27514,951,2,1,1,2,21135,04/10/2012,5,1050.00,4.00,0.00,0.00,N,A,0,NULL,S,0.00,0,0.00,0.00,-
15694,1,27607,1283,2,1,1,2,21198,13/10/2012,2,1050.00,0.00,0.00,0.00,N,A,0,NULL,N,0.00,0,0.00,0.00,-
17168,1,30088,489,2,1,1,2,22691,25/07/2013,2,1750.00,0.00,0.00,0.00,N,A,0,NULL,S,0.00,0,0.00,0.00,-
17654,1,30937,1361,2,1,1,2,23184,10/10/2013,2,600.00,0.00,0.00,0.00,N,A,0,NULL,N,0.00,0,0.00,0.00,-
19093,1,33740,258,2,1,1,2,24642,21/10/2014,12,1700.00,4.00,0.00,0.00,N,A,0,NULL,N,0.00,0,0.00,0.00,-
